120807
120804
120803
120699
120346
120347
120666
120664
120660
120668
120440
120590
120597
120596
120235
120238
120526
120523
120521
120300
120832
120833
120627
120626
120398
120716
120710
120719
120718
120308
120309
120659
120304
120653
120650
120651
120579
120403
120400
120404
120278
120879
120876
110236
111138
111268
120218
120221
120225
120229
120232
120233
120242
120245
120262
120269
120271
120279
120282
120284
120290
120295
120297
120301
120302
120306
120316
120319
120323
120338
120339
120344
120345
120354
120359
120367
120374
120382
120406
120408
120425
120428
120432
120434
120435
120436
120447
120452
120462
120463
120468
120469
120474
120480
120481
120492
120493
120494
120505
120509
